waypoints:
- latitude: 38.161479105418124
  longitude: -122.45463031092837
  yaw: 0.0
- latitude: 38.16147847895699
  longitude: -122.45459526303553
  yaw: 0.003808855736580809
